18	0	0.5		7.5
17	0	0.481384	7.22076
15	0	0.4710225	7.065335
16	0	0.46594		6.989095
12	0	0.4499145	6.74872
14	0	0.4496125	6.74419
19	0	0.446404	6.696055
11	0	0.4349685	6.52453
13	0	0.4328335	6.492505
20	0	0.368882	5.53323
10	0	0.3622485	5.433725
21	0	0.339611	5.094165
9	0	0.276857	4.1528565
22	0	0.27468		4.120197
8	0	0.2307685	3.4615285
23	0	0.211323	3.169845
7	0	0.1385565	2.078347
0	0	0.087597	1.3139515
6	0	0.0818635	1.227949
5	0	0.0453125	0.679687
1	0	0.0394425	0.5916345
2	0	0.023767	0.3565085
4	0	0.011985	0.1797785
3	0	0		0
15	1	0.5		7.5
16	1	0.487785186	7.31678
14	1	0.45591012	6.83865
13	1	0.43575458	6.53632
17	1	0.433464693	6.50197
18	1	0.422953969	6.34431
12	1	0.392961132	5.894415
11	1	0.309691028	4.6453655
19	1	0.304925705	4.5738855
10	1	0.299445103	4.4916765
20	1	0.265342285	3.9801345
21	1	0.248201844	3.7230275
22	1	0.242507716	3.6376155
9	1	0.231916172	3.4787425
23	1	0.219895858	3.298438
0	1	0.175289748	2.629346
8	1	0.147985803	2.219787
7	1	0.102693022	1.5403955
1	1	0.086512485	1.2976875
2	1	0.05444313	0.816647
6	1	0.035344938	0.530174
3	1	0.02760866	0.41413
5	1	0.020148935	0.302234
4	1	0		0
