1	0	47.707388	-122.309956	1	1365	20	1
2	1365	47.614096	-122.318358	2	285	18	0
3	1650	47.701831	-122.31771	3	26	23	0
4	1676	47.696716	-122.285458	4	261	00	0
5	1937	47.703127	-122.321843	5	1026	04	0
6	2963	47.61389	-122.34257	6	8	21	0
7	2971	47.613886	-122.342394	7	659	21	0
8	3630	47.670583	-122.354401	8	135	08	0
9	3765	47.686612	-122.381123	9	90	10	0
10	3855	47.615163	-122.344163	10	235	12	0
11	4090	47.632179	-122.356697	11	114	16	0
12	4204	47.613888	-122.342569	12	15	18	0
13	4219	47.580974	-122.291151	13	69	18	0
14	4288	47.627447	-122.325011	14	855	19	0
15	5143	47.674229	-122.403541	15	446	09	0
16	5589	47.708674	-122.304361	16	22	17	0
17	5611	47.695967	-122.285268	17	231	17	0
18	5842	47.652286	-122.328691	18	683	21	0
19	6525	47.614337	-122.340161	19	50	08	0
20	6575	47.612599	-122.340642	20	206	09	0
21	6781	47.580228	-122.333426	21	50	13	0
22	6831	47.614953	-122.348399	22	210	14	0
23	7041	47.704723	-122.285179	23	7	17	0
24	7048	47.70665	-122.333965	24	23	17	0
25	7071	47.691782	-122.323003	25	23	18	0
26	7094	47.690713	-122.325683	26	2	18	0
27	7096	47.690672	-122.325683	27	14	18	0
28	7110	47.704941	-122.32235	28	70	18	0
29	7180	47.600048	-122.331246	29	37	19	0
30	7217	47.677314	-122.393469	30	77	20	0
31	7294	47.617949	-122.312777	31	12	21	0
32	7306	47.613898	-122.342538	32	166	21	0
33	7472	47.706828	-122.331791	33	663	00	1
34	8135	47.648709	-122.321181	34	60	11	1
35	8195	47.66817	-122.328255	35	52	12	1
36	8247	47.613838	-122.342467	36	40	13	1
37	8287	47.690592	-122.393475	37	217	14	1
38	8504	47.583432	-122.296446	38	47	17	1
39	8551	47.685736	-122.322941	39	1130	18	1
40	9681	47.708618	-122.304361	40	12	13	1
41	9693	47.616082	-122.285935	41	4	13	1
42	9697	47.705956	-122.316322	42	50	13	1
43	9747	47.642562	-122.347987	43	76	14	1
44	9823	47.613852	-122.342542	44	15	15	1
45	9838	47.655378	-122.348429	45	13	16	1
46	9851	47.613955	-122.342541	46	31	16	1
47	9882	47.639848	-122.359464	47	870	16	1
48	10752	47.652242	-122.315659	48	386	07	0
49	11138	47.621338	-122.339773	49	9	13	0
50	11147	47.582993	-122.315116	50	22	14	0
51	11169	47.612578	-122.349149	51	168	14	0
52	11337	47.622892	-122.283073	52	29	17	0
53	11366	47.690301	-122.332139	53	88	17	0
54	11454	47.621959	-122.316396	54	53	19	0
55	11507	47.649675	-122.350451	55	737	20	0
56	12244	47.703641	-122.356759	56	46	08	0
57	12290	47.614497	-122.322126	57	90	09	0
58	12380	47.595004	-122.325701	58	78	10	0
59	12458	47.613896	-122.342631	59	47	11	0
60	12505	47.613896	-122.34263	60	29	12	0
61	12534	47.583867	-122.329981	61	2	13	0
62	12536	47.613515	-122.341681	62	56	13	0
63	12592	47.669548	-122.322866	63	255	14	0
64	12847	47.638731	-122.327112	64	481	18	0
65	13328	47.706587	-122.333964	65	373	02	0
66	13701	47.648069	-122.378904	66	312	08	0
67	14013	47.62586	-122.362074	67	101	13	0
68	14114	47.614194	-122.341974	68	1407	15	0
69	15521	47.613863	-122.342533	69	46	14	0
70	15567	47.647725	-122.378896	70	1088	15	0
71	16655	47.621526	-122.283001	71	20	09	0
72	16675	47.708441	-122.304359	72	63	10	0
73	16738	47.59788	-122.301791	73	71	11	0
74	16809	47.641427	-122.355397	74	202	12	0
75	17011	47.639579	-122.356465	75	250	15	0
76	17261	47.652416	-122.316108	76	767	19	0
77	18028	47.64078	-122.353998	77	159	08	1
78	18187	47.627579	-122.303578	78	98	11	1
79	18285	47.700118	-122.275217	79	1322	12	1
80	19607	47.613915	-122.34259	80	71	11	1
81	19678	47.697065	-122.392917	81	57	12	1
82	19735	47.646351	-122.374149	82	171	13	1
83	19906	47.686786	-122.35258	83	950	15	1
84	20856	47.593916	-122.334176	84	79	07	0
85	20935	47.703718	-122.290829	85	70	09	0
86	21005	47.613896	-122.342562	86	18	10	0
87	21023	47.614002	-122.342573	87	287	10	0
88	21310	47.671589	-122.332554	88	77	15	0
89	21387	47.650108	-122.35291	89	949	16	0
90	22336	47.613892	-122.342378	90	253	08	0
91	22589	47.626166	-122.287151	91	15	12	0
92	22604	47.706698	-122.300944	92	220	12	0
93	22824	47.642254	-122.347981	93	12	16	0
94	22836	47.706554	-122.333963	94	182	16	0
95	23018	47.706828	-122.331876	95	936	19	0
96	23954	47.605432	-122.332097	96	116	11	0
97	24070	47.617636	-122.297005	97	500	13	0
98	24570	47.6679	-122.363708	98	657	21	0
99	25227	47.614152	-122.343229	99	43	08	0
100	25270	47.672525	-122.324455	100	24	09	0
101	25294	47.604366	-122.332321	101	159	09	0
102	25453	47.614184	-122.349871	102	1435	12	0
103	26888	47.633443	-122.344975	103	228	12	0
104	27116	47.693625	-122.287963	104	96	16	0
105	27212	47.622579	-122.28305	105	38	17	0
106	27250	47.617261	-122.318178	106	2	18	0
107	27252	47.650161	-122.353164	107	71	18	0
108	27323	47.706839	-122.333685	108	976	19	0
109	28299	47.701411	-122.350207	109	97	11	1
110	28396	47.691636	-122.396949	110	133	13	1
111	28529	47.655295	-122.320836	111	30	15	1
112	28559	47.677606	-122.291173	112	25	16	1
113	28584	47.688166	-122.381115	113	1079	16	1
114	29663	47.668339	-122.328254	114	107	10	1
115	29770	47.703277	-122.369528	115	14	12	1
116	29784	47.706843	-122.334288	116	184	12	1
117	29968	47.615043	-122.343397	117	325	15	1
118	30293	47.706831	-122.332973	118	1097	21	1
119	31390	47.581598	-122.329998	119	247	15	0
120	31637	47.600034	-122.332458	120	42	19	0
121	31679	47.58049	-122.304313	121	68	20	0
122	31747	47.649545	-122.378926	122	660	21	0
123	32407	47.605218	-122.318626	123	32	08	0
124	32439	47.633099	-122.344883	124	352	08	0
125	32791	47.633875	-122.344504	125	135	14	0
126	32926	47.706832	-122.333119	126	23	16	0
127	32949	47.616173	-122.348442	127	52	17	0
128	33001	47.680022	-122.263632	128	25	18	0
129	33026	47.649698	-122.350587	129	854	18	0
130	33880	47.622043	-122.339365	130	196	08	0
131	34076	47.663077	-122.27488	131	156	12	0
132	34232	47.699452	-122.387582	132	432	14	0
133	34664	47.607072	-122.328253	133	748	21	0
134	35412	47.613284	-122.322109	134	39	10	0
135	35451	47.613286	-122.322109	135	25	11	0
136	35476	47.667791	-122.313049	136	29	11	0
137	35505	47.622366	-122.333008	137	446	11	0
138	35951	47.682553	-122.287752	138	997	19	0
139	36948	47.682044	-122.310992	139	198	12	0
140	37146	47.61766	-122.287476	140	40	15	0
141	37186	47.619339	-122.288357	141	24	15	0
142	37210	47.624217	-122.364542	142	25	16	0
143	37235	47.620141	-122.325321	143	1167	16	0
144	38402	47.694531	-122.312152	144	310	12	1
145	38712	47.650022	-122.352502	145	980	17	1
146	39692	47.679982	-122.263631	146	150	09	1
147	39842	47.701903	-122.341947	147	215	12	1
148	40057	47.611151	-122.325497	148	1315	15	1
149	41372	47.671463	-122.382161	149	1174	13	0
150	42546	47.607284	-122.291529	150	107	09	0
151	42653	47.609016	-122.301277	151	203	11	0
152	42856	47.606232	-122.332579	152	131	14	0
153	42987	47.688513	-122.309663	153	816	16	0
154	43803	47.614756	-122.342923	154	229	06	0
155	44032	47.687662	-122.33103	155	4	10	0
156	44036	47.655282	-122.344672	156	144	10	0
157	44180	47.652504	-122.372289	157	147	12	0
158	44327	47.579803	-122.332625	158	57	15	0
159	44384	47.706837	-122.333575	159	4	15	0
160	44388	47.631282	-122.35694	160	118	16	0
161	44506	47.700013	-122.345603	161	120	17	0
162	44626	47.706839	-122.333682	162	628	19	0
163	45254	47.614223	-122.338616	163	2	06	0
164	45256	47.614214	-122.338627	164	129	06	0
165	45385	47.625868	-122.314626	165	45	08	0
166	45430	47.710732	-122.297959	166	230	09	0
167	45660	47.665042	-122.376995	167	198	13	0
168	45858	47.706831	-122.332972	168	987	16	0
169	46845	47.6334	-122.344945	169	413	08	0
170	47258	47.693971	-122.307794	170	115	15	0
171	47373	47.662004	-122.269568	171	45	17	0
172	47418	47.649984	-122.358118	172	925	18	0
173	48343	47.63346	-122.345014	173	112	09	1
174	48455	47.628907	-122.366503	174	1373	11	1
175	49828	47.708966	-122.278875	175	25	10	1
176	49853	47.704039	-122.294079	176	74	11	1
177	49927	47.705033	-122.366113	177	20	12	1
178	49947	47.691816	-122.390302	178	1229	12	1
179	51176	47.670549	-122.395655	179	77	09	0
180	51253	47.650275	-122.367494	180	30	10	0
181	51283	47.651638	-122.344017	181	86	10	0
182	51369	47.580326	-122.334219	182	130	12	0
183	51499	47.634721	-122.355962	183	171	14	0
184	51670	47.666849	-122.358729	184	78	17	0
185	51748	47.678984	-122.265793	185	45	18	0
186	51793	47.636745	-122.325604	186	1107	19	0
187	52900	47.702187	-122.357129	187	31	13	0
188	52931	47.704333	-122.358783	188	1054	14	0
189	53985	47.593507	-122.317311	189	416	07	0
190	54401	47.607241	-122.330255	190	54	14	0
191	54455	47.650744	-122.351317	191	101	15	0
192	54556	47.706839	-122.333685	108	315	17	0
193	54871	47.70448	-122.350049	192	616	22	0
194	55487	47.633364	-122.344512	193	143	09	0
195	55630	47.595002	-122.325436	194	276	11	0
196	55906	47.585164	-122.325984	195	47	15	0
197	55953	47.616565	-122.303547	196	328	16	0
198	56281	47.658374	-122.283505	197	50	22	0
199	56331	47.713966	-122.297285	198	714	23	0
200	57045	47.619035	-122.348913	199	154	10	1
201	57199	47.579463	-122.3144	200	23	13	1
202	57222	47.60268	-122.313909	201	86	13	1
203	57308	47.662472	-122.284783	202	27	15	1
204	57335	47.624289	-122.32511	203	1263	15	1
205	58598	47.680339	-122.325584	204	33	12	1
206	58631	47.680157	-122.263634	205	144	13	1
207	58775	47.706828	-122.331899	206	933	15	1
208	59708	47.627015	-122.32427	207	121	07	0
209	59829	47.625916	-122.307318	208	148	09	0
210	59977	47.605897	-122.329614	209	195	11	0
211	60172	47.661493	-122.359922	210	120	15	0
212	60292	47.706838	-122.333582	211	123	17	0
213	60415	47.683341	-122.291526	212	45	19	0
214	60460	47.702574	-122.34734	213	95	19	0
215	60555	47.61109	-122.323294	214	553	21	0
216	61108	47.614643	-122.352666	215	63	06	0
217	61171	47.614108	-122.343211	216	56	07	0
218	61227	47.613514	-122.344071	217	466	08	0
219	61693	47.702373	-122.277685	218	84	16	0
220	61777	47.649682	-122.350493	219	15	17	0
221	61792	47.695876	-122.324751	220	83	18	0
222	61875	47.626851	-122.322622	221	1122	19	0
223	62997	47.683388	-122.291527	222	6	14	0
224	63003	47.614932	-122.343214	223	201	14	0
225	63204	47.699589	-122.335689	224	989	17	0
226	64193	47.613355	-122.341766	225	365	10	0
227	64558	47.634257	-122.34228	226	50	16	0
228	64608	47.593622	-122.324724	227	3	17	0
229	64611	47.700201	-122.293666	228	120	17	0
230	64731	47.67568	-122.406365	229	60	19	0
231	64791	47.705014	-122.336566	230	77	20	0
232	64868	47.609904	-122.321475	231	637	21	0
233	65505	47.651423	-122.350452	232	118	07	1
234	65623	47.688442	-122.288997	233	136	09	1
235	65759	47.684865	-122.309111	234	28	12	1
236	65787	47.613785	-122.342535	235	2	12	1
237	65789	47.69835	-122.286411	236	11	12	1
238	65800	47.600019	-122.325485	237	7	12	1
239	65807	47.699936	-122.277722	238	20	13	1
240	65827	47.623656	-122.291764	239	29	13	1
241	65856	47.672985	-122.258113	240	74	13	1
242	65930	47.622926	-122.33976	241	95	15	1
243	66025	47.627379	-122.286963	242	73	16	1
244	66098	47.609594	-122.293765	243	1062	17	1
245	67160	47.698198	-122.281368	244	374	11	1
246	67534	47.629114	-122.340964	245	153	17	0
247	67687	47.699116	-122.334623	246	5	20	0
248	67692	47.699116	-122.334623	246	63	20	0
249	67755	47.618783	-122.301181	247	8	21	0
250	67763	47.663112	-122.317754	248	637	21	0
250	67763	47.706836	-122.3334	249	637	21	0
251	68400	47.713715	-122.296363	250	104	08	0
252	68504	47.612657	-122.349283	251	177	09	0
253	68681	47.614447	-122.342827	252	107	12	0
254	68788	47.617547	-122.353997	253	8	14	0
255	68796	47.613814	-122.342476	254	124	14	0
256	68920	47.616252	-122.351386	255	26	16	0
257	68946	47.615444	-122.351062	256	48	17	0
258	68994	47.681427	-122.369058	257	59	18	0
259	69053	47.64428	-122.369853	258	153	19	0
260	69206	47.606187	-122.313284	259	737	21	0
261	69943	47.69736	-122.387586	260	231	09	0
262	70174	47.59546	-122.325081	261	233	13	0
263	70407	47.611678	-122.311482	262	52	17	0
264	70459	47.636562	-122.351016	263	58	18	0
265	70517	47.614156	-122.343359	264	11	19	0
266	70528	47.699263	-122.292482	265	43	19	0
267	70571	47.662108	-122.339909	266	42	20	0
268	70613	47.664518	-122.352721	267	861	21	0
269	71474	47.693724	-122.38608	268	1294	11	0
270	72768	47.580634	-122.314728	269	56	09	0
271	72824	47.5798	-122.324294	270	517	09	0
272	73341	47.704874	-122.347376	271	123	18	0
273	73464	47.676729	-122.385357	272	994	20	0
274	74458	47.671205	-122.312446	273	175	13	1
275	74633	47.68023	-122.285021	274	1189	16	1
276	75822	47.702144	-122.349343	275	44	11	1
277	75866	47.705353	-122.306143	276	180	12	1
278	76046	47.641168	-122.321362	277	94	15	1
279	76140	47.706654	-122.332581	278	239	17	1
280	76379	47.706827	-122.332133	279	566	21	1
281	76945	47.64624	-122.326562	280	37	06	0
282	76982	47.617078	-122.342879	281	26	07	0
283	77008	47.706827	-122.332242	282	61	07	0
284	77069	47.580928	-122.28557	283	48	08	0
285	77117	47.679786	-122.404864	284	199	09	0
286	77316	47.636292	-122.361008	285	27	12	0
287	77343	47.674393	-122.345913	286	240	13	0
288	77583	47.70437	-122.341993	287	129	17	0
289	77712	47.626343	-122.35929	288	18	19	0
290	77730	47.704697	-122.343324	289	131	19	0
291	77861	47.614174	-122.343117	290	711	21	0
292	78572	47.704343	-122.29984	291	31	09	0
293	78603	47.654477	-122.321429	292	392	10	0
294	78995	47.583455	-122.304267	293	26	16	0
295	79021	47.594343	-122.324908	294	53	17	0
296	79074	47.620886	-122.341587	295	157	18	0
297	79231	47.613771	-122.342709	296	1016	20	0
298	80247	47.615074	-122.343449	297	4	13	0
299	80251	47.615074	-122.34345	298	3	13	0
300	80254	47.615074	-122.34345	298	14	13	0
301	80268	47.700113	-122.335174	299	33	14	0
302	80301	47.700238	-122.33653	300	12	14	0
303	80313	47.613934	-122.347485	301	462	14	0
304	80775	47.680698	-122.323734	302	514	22	0
305	81289	47.650436	-122.397482	303	151	07	0
306	81440	47.605083	-122.332019	304	205	09	0
307	81645	47.702743	-122.355432	305	134	12	0
308	81779	47.614604	-122.338727	306	68	15	0
309	81847	47.574932	-122.300639	307	62	16	0
310	81909	47.662452	-122.375978	308	13	17	0
311	81922	47.698352	-122.372761	309	32	17	0
312	81954	47.699918	-122.336526	310	6	18	0
313	81960	47.692342	-122.335501	311	137	18	0
314	82097	47.693975	-122.309591	312	795	20	0
315	82892	47.653575	-122.39148	313	26	09	0
316	82918	47.649277	-122.276135	314	404	10	0
317	83322	47.613808	-122.351205	315	18	16	0
318	83340	47.700967	-122.36074	316	57	17	0
319	83397	47.697742	-122.374125	317	68	18	0
320	83465	47.696058	-122.372735	318	70	19	0
321	83535	47.698348	-122.290042	319	84	20	0
322	83619	47.613883	-122.34251	320	821	21	0
323	84440	47.675888	-122.397298	321	8	11	1
324	84448	47.589974	-122.312438	322	1324	11	1
325	85772	47.602861	-122.335386	323	13	09	1
326	85785	47.598125	-122.33415	324	13	09	1
327	85798	47.694752	-122.290912	325	57	10	1
328	85855	47.608369	-122.337739	326	32	11	1
329	85887	47.605424	-122.338483	327	55	11	1
330	85942	47.598283	-122.331247	328	65	12	1
331	86007	47.706857	-122.335478	329	47	13	1
332	86054	47.700556	-122.362056	330	132	14	1
333	86186	47.614443	-122.342398	331	27	16	1
334	86213	47.568602	-122.322284	332	1016	17	1
335	87229	47.694752	-122.290977	333	18	10	0
336	87247	47.567694	-122.29242	334	9	10	0
337	87256	47.642258	-122.348285	335	12	10	0
338	87268	47.696176	-122.39291	336	25	10	0
339	87293	47.680303	-122.351638	337	7	11	0
340	87300	47.695505	-122.375466	338	1	11	0
341	87301	47.627673	-122.30862	339	7	11	0
342	87308	47.571894	-122.281705	340	74	11	0
343	87382	47.649607	-122.276071	341	4	12	0
344	87386	47.575073	-122.300903	342	192	12	0
345	87578	47.614893	-122.337169	343	64	15	0
346	87642	47.613284	-122.34239	344	787	16	0
347	88429	47.614093	-122.341801	345	152	06	0
348	88581	47.704505	-122.347366	346	115	08	0
349	88696	47.589974	-122.312438	322	290	10	0
350	88986	47.590529	-122.385134	347	96	15	0
351	89082	47.650438	-122.397942	348	976	16	0
352	90058	47.667615	-122.38639	349	155	09	0
353	90213	47.61523	-122.326529	350	1201	11	0
354	91414	47.628633	-122.303288	351	43	07	0
355	91457	47.613555	-122.342832	352	75	08	0
356	91532	47.566394	-122.289822	353	185	09	0
357	91717	47.698964	-122.285304	354	79	12	0
358	91796	47.649667	-122.276064	355	21	14	0
359	91817	47.66776	-122.339399	356	157	14	0
360	91974	47.706828	-122.331964	357	135	17	0
361	92109	47.697443	-122.385924	358	671	19	0
362	92780	47.603882	-122.310177	359	124	06	0
363	92904	47.614079	-122.343389	360	108	08	0
364	93012	47.584153	-122.374984	361	148	10	0
365	93160	47.684222	-122.357929	362	518	12	0
366	93678	47.642259	-122.34838	363	59	21	0
367	93737	47.579805	-122.325682	364	795	22	0
368	94532	47.704877	-122.309044	365	10	11	1
369	94542	47.709851	-122.299001	366	63	11	1
370	94605	47.705204	-122.307212	367	218	12	1
371	94823	47.654862	-122.355747	368	67	16	1
372	94890	47.613579	-122.342872	369	1108	17	1
373	95998	47.605518	-122.305041	370	20	12	1
374	96018	47.605528	-122.305041	371	11	12	1
375	96029	47.655704	-122.348579	372	1088	12	1
376	97117	47.623725	-122.330448	373	102	06	0
377	97219	47.626116	-122.348892	374	463	08	0
378	97682	47.647129	-122.406895	375	19	16	0
379	97701	47.645562	-122.388945	376	296	16	0
380	97997	47.624608	-122.361281	377	564	21	0
381	98561	47.681522	-122.355299	378	96	06	0
382	98657	47.701634	-122.362819	379	3	08	0
383	98660	47.623588	-122.337151	380	81	08	0
384	98741	47.654477	-122.321414	381	254	09	0
385	98995	47.663097	-122.315813	382	382	14	0
386	99377	47.712001	-122.296634	383	723	20	0
387	100100	47.679558	-122.374918	384	100	08	0
388	100200	47.650119	-122.351324	385	188	10	0
389	100388	47.686422	-122.287402	386	46	13	0
390	100434	47.709769	-122.298886	387	204	14	0
391	100638	47.65006	-122.396888	388	28	17	0
392	100666	47.57305	-122.384627	389	826	17	0
393	101492	47.661061	-122.315457	390	21	07	0
394	101513	47.616915	-122.312791	391	78	08	0
395	101591	47.65883	-122.314351	392	25	09	0
396	101616	47.664818	-122.343731	393	364	09	0
397	101980	47.679434	-122.399062	394	109	15	0
398	102089	47.704957	-122.283411	395	113	17	0
399	102202	47.573895	-122.328999	396	832	19	0
400	103034	47.573692	-122.338432	397	337	09	0
401	103371	47.582767	-122.390557	398	56	15	0
402	103427	47.712004	-122.29679	399	19	16	0
403	103446	47.614237	-122.343113	400	17	16	0
404	103463	47.620661	-122.341073	401	1324	16	0
405	104787	47.669361	-122.328706	402	163	14	1
406	104950	47.575625	-122.335917	403	1024	17	1
407	105974	47.621571	-122.331737	404	251	10	1
408	106225	47.707587	-122.286463	405	81	14	1
409	106306	47.634734	-122.35995	406	269	15	0
410	106575	47.61385	-122.342612	407	3	20	0
411	106578	47.613851	-122.342611	408	661	20	0
412	107239	47.611587	-122.301967	409	69	07	0
413	107308	47.61717	-122.284585	410	131	08	0
414	107439	47.650635	-122.354992	411	170	10	0
415	107609	47.618288	-122.335591	412	1074	13	0
416	108683	47.612972	-122.324104	413	4	07	0
417	108687	47.61337	-122.321827	414	46	07	0
418	108733	47.624494	-122.304687	415	385	08	0
419	109118	47.61414	-122.341881	416	1021	14	0
420	110139	47.614678	-122.342794	417	53	07	0
421	110192	47.614973	-122.341406	418	89	08	0
422	110281	47.618163	-122.35554	419	278	10	0
423	110559	47.630996	-122.353244	420	242	14	0
424	110801	47.624923	-122.344964	421	1004	18	0
425	111805	47.614189	-122.343179	422	1	11	1
426	111806	47.615437	-122.342041	423	48	11	1
427	111854	47.663059	-122.359011	424	268	12	1
428	112122	47.651411	-122.350379	425	826	16	1
429	112948	47.613872	-122.342544	426	60	06	0
430	113008	47.614977	-122.346717	427	140	07	0
431	113148	47.632771	-122.348446	428	235	10	0
432	113383	47.615168	-122.343605	429	85	13	0
433	113468	47.613846	-122.342621	430	424	15	0
434	113892	47.580231	-122.334219	431	35	22	0
435	113927	47.613403	-122.340666	432	862	23	0
436	114789	47.706802	-122.303321	433	105	13	0
437	114894	47.613858	-122.342566	434	24	15	0
438	114918	47.600929	-122.326737	435	1095	15	0
439	116013	47.595	-122.324613	436	268	09	0
440	116281	47.613016	-122.334617	437	80	14	0
441	116361	47.644222	-122.398286	438	1	15	0
442	116362	47.597153	-122.322474	439	960	15	0
443	117322	47.614818	-122.319468	440	24	07	0
444	117346	47.600019	-122.325573	441	24	07	0
445	117370	47.613928	-122.342527	442	46	08	0
446	117416	47.636448	-122.367671	443	17	09	0
447	117433	47.561136	-122.306702	444	73	09	0
448	117506	47.63023	-122.360563	445	54	10	0
449	117560	47.611365	-122.325504	446	96	11	0
450	117656	47.614093	-122.343732	447	118	13	0
451	117774	47.713733	-122.29643	448	135	15	0
452	117909	47.613876	-122.342545	449	1042	17	0
453	118951	47.679512	-122.291423	450	71	10	0
454	119022	47.66758	-122.299528	451	6	11	0
455	119028	47.614454	-122.342818	452	46	12	0
456	119074	47.613719	-122.341466	453	135	12	0
457	119209	47.614272	-122.344079	454	372	15	0
458	119581	47.616586	-122.343975	455	866	21	0
459	120447	47.619709	-122.314319	456	47	11	1
460	120494	47.605918	-122.311557	457	68	12	1
461	120562	47.606081	-122.328107	458	5	13	1
462	120567	47.611654	-122.289886	459	69	13	1
463	120636	47.616299	-122.345534	460	175	14	1
464	120811	47.613556	-122.341688	461	339	17	1
465	121150	47.702842	-122.325796	462	574	23	1
466	121724	47.702733	-122.325794	463	25	08	0
467	121749	47.606824	-122.326452	464	68	09	0
468	121817	47.664419	-122.277352	465	84	10	0
469	121901	47.684337	-122.320217	466	116	11	0
470	122017	47.61296	-122.341857	467	109	13	0
471	122126	47.612199	-122.348033	468	980	15	0
472	123106	47.610761	-122.328852	469	79	07	0
473	123185	47.690253	-122.296541	470	28	09	0
474	123213	47.613595	-122.341638	471	47	09	0
475	123260	47.674162	-122.317893	472	118	10	0
476	123378	47.680599	-122.377861	473	218	12	0
477	123596	47.706828	-122.331949	474	1	16	0
478	123597	47.600761	-122.335452	475	52	16	0
479	123649	47.689499	-122.352582	476	336	17	0
480	123985	47.706828	-122.332108	477	472	22	0
481	124457	47.627425	-122.299668	478	148	06	0
482	124605	47.583722	-122.320497	479	55	08	0
483	124660	47.674822	-122.35435	480	155	09	0
484	124815	47.623643	-122.329147	481	1106	12	0
485	125921	47.598753	-122.331591	482	185	06	0
486	126106	47.683308	-122.348692	483	1360	09	0
487	127466	47.614153	-122.343839	484	18	08	0
488	127484	47.618168	-122.353207	485	68	08	0
489	127552	47.613285	-122.342034	486	79	10	0
490	127631	47.614129	-122.343261	487	275	11	0
491	127906	47.613641	-122.342972	488	13	15	0
492	127919	47.613938	-122.342586	489	26	16	0
493	127945	47.62071	-122.341074	490	260	16	0
494	128205	47.697645	-122.316459	491	21	20	0
495	128226	47.612602	-122.3001	492	122	21	0
496	128348	47.613429	-122.342628	493	578	23	0
497	128926	47.611026	-122.338125	494	308	08	1
498	129234	47.672154	-122.293011	495	1103	14	0
499	130337	47.608406	-122.337652	496	808	08	0
500	131145	47.436121	-122.297386	497	146	21	0
501	131291	47.613923	-122.342615	498	397	00	0
502	131688	47.614722	-122.314235	499	771	07	0
503	132459	47.654478	-122.321562	500	732	19	0
504	133191	47.661803	-122.28477	501	256	08	0
505	133447	47.619975	-122.341066	502	547	12	0
506	133994	47.614484	-122.320801	503	50	21	0
507	134044	47.614046	-122.343373	504	912	22	0
508	134956	47.668291	-122.328255	505	32	13	1
509	134988	47.613396	-122.341892	506	96	14	1
510	135084	47.706827	-122.332374	507	127	15	1
511	135211	47.614165	-122.343212	508	861	17	1
512	136072	47.668232	-122.328255	509	236	08	1
513	136308	47.7066	-122.332581	510	51	12	1
514	136359	47.599898	-122.323755	511	169	12	1
515	136528	47.698646	-122.387922	512	50	15	1
516	136578	47.551926	-122.27611	513	200	16	1
517	136778	47.594945	-122.384925	514	757	19	0
518	137535	47.614134	-122.343253	515	85	08	0
519	137620	47.689448	-122.317602	516	406	09	0
520	138026	47.611674	-122.34634	517	264	16	0
521	138290	47.653521	-122.400913	518	1130	21	0
522	139420	47.615127	-122.341516	519	285	15	0
523	139705	47.613807	-122.34257	520	12	20	0
524	139717	47.703148	-122.324664	521	688	20	0
525	140405	47.613844	-122.342539	522	121	08	0
526	140526	47.613852	-122.342522	523	27	10	0
527	140553	47.589448	-122.291824	524	63	10	0
528	140616	47.614846	-122.343071	525	219	11	0
529	140835	47.614202	-122.343221	526	97	15	0
530	140932	47.613916	-122.342585	527	1079	17	1
531	142011	47.681758	-122.385404	528	36	11	1
532	142047	47.701056	-122.325875	529	76	11	1
533	142123	47.713134	-122.297501	530	33	12	1
534	142156	47.547874	-122.316712	531	624	13	1
535	142780	47.613691	-122.341506	532	466	23	1
536	143246	47.648043	-122.336813	533	274	07	0
537	143520	47.614836	-122.342623	534	56	12	0
538	143576	47.70315	-122.325079	535	11	13	0
539	143587	47.619731	-122.347176	536	191	13	0
540	143778	47.706828	-122.332057	537	377	16	0
541	144155	47.648441	-122.377936	538	459	22	0
542	144614	47.584227	-122.333274	539	1046	06	0
543	145660	47.624522	-122.320956	540	66	23	0
544	145726	47.585126	-122.334216	541	330	00	0
545	146056	47.624085	-122.331745	542	153	06	0
546	146209	47.638378	-122.356546	543	274	09	0
547	146483	47.615655	-122.34443	544	388	13	0
548	146871	47.602686	-122.292497	545	58	20	0
549	146929	47.632103	-122.34598	546	1010	21	0
550	147939	47.634712	-122.369839	547	305	13	1
551	148244	47.621996	-122.325046	548	147	18	1
552	148391	47.551239	-122.312012	549	554	21	0
553	148945	47.654911	-122.348555	550	136	06	0
554	149081	47.614749	-122.342911	551	1336	08	0
555	150417	47.664477	-122.343735	552	785	07	0
556	151202	47.61506	-122.34201	553	199	20	0
557	151401	47.615184	-122.343631	554	79	23	0
558	151480	47.613471	-122.341796	555	1046	00	0
559	152526	47.613859	-122.342501	556	109	18	0
560	152635	47.613703	-122.341488	557	130	20	0
561	152765	47.564107	-122.373425	558	501	22	0
562	153266	47.614347	-122.342234	559	458	06	0
563	153724	47.615163	-122.343596	560	291	14	0
564	154015	47.615267	-122.317556	561	65	19	0
565	154080	47.613895	-122.342528	562	1098	20	0
566	155178	47.4362	-122.2972	563	103	14	1
567	155281	47.436216	-122.297403	564	1226	16	1
568	156507	47.661258	-122.286734	565	205	12	1
569	156712	47.6759	-122.395144	566	412	16	0
570	157124	47.579363	-122.392701	567	1122	22	0
571	158246	47.673721	-122.291151	568	217	17	0
572	158463	47.557092	-122.313451	569	574	21	0
573	159037	47.61971	-122.34056	570	108	06	0
574	159145	47.667203	-122.384127	571	714	08	0
575	159859	47.623538	-122.319928	572	53	20	0
576	159912	47.614425	-122.342858	573	558	21	0
577	160470	47.604824	-122.339358	574	144	06	0
578	160614	47.655116	-122.379109	575	292	09	0
579	160906	47.605537	-122.331844	576	27	13	0
580	160933	47.613991	-122.341626	577	172	14	0
581	161105	47.640806	-122.328351	578	1142	17	0
582	162247	47.690382	-122.320182	579	1293	12	1
583	163540	47.663169	-122.326395	580	149	09	1
584	163689	47.693012	-122.353941	581	432	12	1
585	164121	47.614836	-122.343056	582	83	19	1
586	164204	47.61282	-122.343671	583	84	20	1
587	164288	47.616274	-122.34354	584	123	22	1
588	164411	47.602586	-122.293707	585	421	00	0
589	164832	47.695561	-122.362013	586	105	07	0
590	164937	47.712013	-122.297301	587	26	09	0
591	164963	47.703156	-122.325769	588	26	09	0
592	164989	47.692732	-122.304169	589	39	10	0
593	165028	47.651278	-122.32999	590	293	10	0
594	165321	47.665795	-122.381117	591	70	15	0
595	165391	47.706874	-122.332044	592	273	16	0
596	165664	47.614143	-122.343241	593	65	21	0
597	165729	47.616464	-122.345809	594	86	22	0
598	165815	47.615417	-122.34943	595	59	23	0
599	165874	47.60098	-122.298935	596	64	00	0
600	165938	47.613929	-122.342466	597	294	01	0
601	166232	47.682077	-122.355301	598	104	06	0
602	166336	47.703309	-122.325404	599	3	08	0
603	166339	47.613931	-122.342464	600	52	08	0
604	166391	47.583723	-122.320402	601	34	09	0
605	166425	47.583723	-122.320402	601	90	09	0
606	166515	47.583723	-122.320401	602	76	11	0
607	166591	47.583012	-122.320621	603	12	12	0
608	166603	47.597971	-122.334294	604	1	12	0
609	166604	47.703155	-122.325678	605	63	12	0
610	166667	47.690007	-122.305682	606	91	14	0
611	166758	47.636552	-122.352418	607	11	15	0
612	166769	47.712	-122.296622	608	193	15	0
613	166962	47.61971	-122.340491	609	286	18	0
614	167248	47.613358	-122.341941	610	131	23	0
615	167379	47.613962	-122.34265	611	321	01	0
616	167700	47.703155	-122.325684	612	23	07	0
617	167723	47.615114	-122.343515	613	106	07	0
618	167829	47.612055	-122.343641	614	59	09	0
619	167888	47.613878	-122.342525	615	142	10	0
620	168030	47.613903	-122.342538	616	96	12	0
621	168126	47.613997	-122.342552	617	1	14	0
622	168127	47.613846	-122.342459	618	8	14	0
623	168135	47.613979	-122.342533	619	298	14	0
624	168433	47.614444	-122.342399	620	7	19	0
625	168440	47.613618	-122.342935	621	177	19	0
626	168617	47.436319	-122.297338	622	2	22	0
627	168619	47.616386	-122.343728	623	1101	22	0
628	169720	47.666579	-122.284814	624	51	16	0
629	169771	47.613903	-122.342528	625	273	17	0
630	170044	47.613348	-122.34183	626	690	22	0
631	170734	47.611433	-122.34574	627	372	09	0
632	171106	47.61038	-122.315275	628	226	15	0
633	171332	47.61509	-122.343477	629	866	19	0
634	172198	47.61359	-122.342196	630	214	10	1
635	172412	47.654844	-122.278147	631	329	13	1
636	172741	47.70267	-122.325793	632	966	19	1
637	173707	47.687667	-122.352256	633	473	11	1
638	174180	47.615183	-122.343631	634	232	19	1
639	174412	47.436226	-122.297365	635	697	23	1
640	175109	47.713698	-122.296301	636	480	10	0
641	175589	47.622502	-122.339761	637	808	18	0
642	176397	47.699033	-122.334518	638	26	08	0
643	176423	47.703155	-122.325621	639	796	08	0
644	177219	47.614757	-122.342924	640	244	21	0
645	177463	47.613849	-122.342353	641	375	01	0
646	177838	47.664875	-122.363965	642	13	08	0
647	177851	47.613891	-122.342547	643	49	08	0
648	177900	47.582326	-122.386487	644	20	09	0
649	177920	47.673569	-122.390131	645	190	09	0
650	178110	47.586594	-122.378416	646	87	12	0
651	178197	47.613898	-122.342541	647	493	14	0
652	178690	47.613781	-122.34373	648	771	22	0
653	179461	47.614757	-122.342925	649	73	11	0
654	179534	47.620596	-122.341072	650	171	12	0
655	179705	47.684867	-122.293391	651	53	15	0
656	179758	47.599234	-122.335141	652	17	16	0
657	179775	47.599234	-122.335154	653	227	16	0
658	180002	47.614867	-122.343106	654	281	20	0
659	180283	47.613916	-122.342538	655	375	00	0
660	180658	47.614174	-122.343199	656	70	07	0
661	180728	47.613802	-122.342507	657	6	08	0
662	180734	47.614762	-122.342934	658	41	08	0
663	180775	47.628749	-122.361306	659	17	09	0
664	180792	47.613904	-122.342691	660	23	09	0
665	180815	47.613821	-122.342532	661	12	09	0
666	180827	47.613822	-122.34253	662	205	10	0
667	181032	47.613708	-122.296197	663	1265	13	0
668	182297	47.703148	-122.3258	664	194	10	1
669	182491	47.703156	-122.325813	665	111	13	1
670	182602	47.699899	-122.337651	666	120	15	1
671	182722	47.61449	-122.342878	667	1003	17	1
672	183725	47.613913	-122.342541	668	24	10	1
673	183749	47.563273	-122.382819	669	299	10	1
674	184048	47.613899	-122.342548	670	485	15	1
675	184533	47.619708	-122.33905	671	476	23	1
676	185009	47.603804	-122.336971	672	21	07	0
677	185030	47.613841	-122.34255	673	166	08	0
678	185196	47.614214	-122.342007	674	740	10	0
679	185936	47.6017	-122.315886	675	608	23	0
680	186544	47.706754	-122.286717	676	7	09	0
681	186551	47.613546	-122.342817	677	283	09	0
682	186834	47.614187	-122.343182	678	384	14	0
683	187218	47.615177	-122.341601	679	17	20	0
684	187235	47.61334	-122.341782	680	951	20	0
685	188186	47.615046	-122.341376	681	385	12	0
686	188571	47.690568	-122.298872	682	55	19	0
687	188626	47.648049	-122.405727	683	70	19	0
688	188696	47.614393	-122.34303	684	128	21	0
689	188824	47.615267	-122.31771	685	257	23	0
690	189081	47.697472	-122.292416	686	588	03	0
691	189669	47.613854	-122.342458	687	113	13	0
692	189782	47.57525	-122.333405	688	339	15	0
693	190121	47.613987	-122.342502	689	19	20	0
694	190140	47.637412	-122.403696	690	77	21	0
695	190217	47.636236	-122.374997	691	662	22	0
696	190879	47.633784	-122.284072	692	254	09	1
697	191133	47.636254	-122.345923	693	340	13	1
698	191473	47.621741	-122.326597	694	41	19	1
699	191514	47.626263	-122.327735	695	1311	20	1
700	192825	47.615704	-122.342488	696	23	17	1
701	192848	47.664213	-122.310786	697	50	18	1
702	192898	47.613717	-122.343097	698	804	19	1
703	193702	47.694086	-122.326044	699	318	08	0
704	194020	47.654679	-122.32184	700	1175	13	0
705	195195	47.583011	-122.321137	701	48	09	0
706	195243	47.562661	-122.288826	702	283	10	0
707	195526	47.620744	-122.307898	703	43	14	0
708	195569	47.636729	-122.375721	704	301	15	0
709	195870	47.627213	-122.320224	705	48	20	0
710	195918	47.614854	-122.343086	706	1039	21	0
711	196957	47.643574	-122.368633	707	1227	14	0
712	198184	47.614196	-122.343294	708	99	11	0
713	198283	47.666278	-122.354434	709	200	12	0
714	198483	47.706365	-122.332582	710	298	16	0
715	198781	47.692375	-122.342638	711	552	21	0
716	199333	47.613861	-122.342574	712	19	06	0
717	199352	47.653021	-122.341339	713	155	06	0
718	199507	47.658929	-122.36221	714	213	09	0
719	199720	47.704922	-122.315032	715	34	12	0
720	199754	47.612603	-122.349191	716	160	13	0
721	199914	47.614094	-122.343308	717	1050	16	0
722	200964	47.611276	-122.293801	718	340	09	1
723	201304	47.66864	-122.393371	719	6	15	1
724	201310	47.613829	-122.342505	720	15	15	1
725	201325	47.634068	-122.370411	721	20	15	1
726	201345	47.614268	-122.325528	722	130	15	1
727	201475	47.614183	-122.343092	723	965	18	1
728	202440	47.598653	-122.33159	724	253	10	1
729	202693	47.634712	-122.369727	725	48	14	1
730	202741	47.615071	-122.341996	726	51	15	1
731	202792	47.61348	-122.344658	727	53	16	1
732	202845	47.588911	-122.333265	728	326	16	1
733	203171	47.614779	-122.342962	729	24	22	1
734	203195	47.614097	-122.343304	730	95	22	1
735	203290	47.5574	-122.336006	731	365	00	0
736	203655	47.634573	-122.347395	732	115	06	0
737	203770	47.616307	-122.343595	733	26	08	0
738	203796	47.654478	-122.321588	734	185	08	0
739	203981	47.695709	-122.30095	735	102	11	0
740	204083	47.599204	-122.295324	736	3	13	0
741	204086	47.706834	-122.333219	737	26	13	0
742	204112	47.654476	-122.32084	738	66	14	0
743	204178	47.617086	-122.346857	739	926	15	0
744	205104	47.688388	-122.346623	740	78	06	0
745	205182	47.621437	-122.331736	741	51	07	0
746	205233	47.619666	-122.30769	742	15	08	0
747	205248	47.632887	-122.32271	743	36	09	0
748	205284	47.613871	-122.342513	744	55	09	0
749	205339	47.610725	-122.343028	745	65	10	0
750	205404	47.606622	-122.314168	746	521	11	0
751	205925	47.614376	-122.342925	747	90	20	0
752	206015	47.587672	-122.386251	748	539	21	0
753	206554	47.693063	-122.306694	749	803	06	0
754	207357	47.614835	-122.343055	750	63	20	0
755	207420	47.552659	-122.277408	751	350	21	0
756	207770	47.638866	-122.370341	752	623	03	0
757	208393	47.61382	-122.342534	753	1	13	0
758	208394	47.613802	-122.342499	754	423	13	0
759	208817	47.613835	-122.343657	755	719	20	0
760	209536	47.69816	-122.341915	756	195	08	0
761	209731	47.548664	-122.317416	757	411	11	0
762	210142	47.614158	-122.343221	758	248	18	0
763	210390	47.62125	-122.326597	759	595	22	0
764	210985	47.621031	-122.292313	760	119	08	1
765	211104	47.614047	-122.287811	761	39	10	1
766	211143	47.621209	-122.358079	762	1386	11	1
767	212529	47.640592	-122.313416	763	498	10	1
768	213027	47.613381	-122.342548	764	63	18	1
769	213090	47.614833	-122.34305	765	127	19	1
770	213217	47.614972	-122.343281	766	584	21	1
771	213801	47.607112	-122.323393	767	30	07	0
772	213831	47.693116	-122.317243	768	482	08	0
773	214313	47.632911	-122.342286	769	205	16	0
774	214518	47.605421	-122.287365	770	1139	19	0
775	215657	47.61357	-122.341669	771	269	14	0
776	215926	47.613587	-122.341563	772	57	18	0
777	215983	47.614094	-122.327348	773	68	19	0
778	216051	47.614513	-122.343001	774	137	21	0
779	216188	47.629281	-122.355386	775	30	23	0
780	216218	47.436202	-122.297359	776	456	23	0
781	216674	47.614779	-122.34239	777	89	07	0
782	216763	47.664254	-122.330185	778	324	08	0
783	217087	47.614943	-122.343232	779	25	14	0
784	217112	47.614071	-122.341763	780	164	14	0
785	217276	47.614848	-122.343075	781	971	17	0
786	218247	47.623117	-122.330889	782	482	09	0
787	218729	47.688508	-122.310296	783	997	17	0
788	219726	47.651324	-122.36675	784	1	10	0
789	219727	47.594796	-122.307309	785	96	10	0
790	219823	47.547008	-122.328396	786	100	11	0
791	219923	47.575199	-122.335209	787	25	13	0
792	219948	47.636839	-122.373831	788	20	14	0
793	219968	47.555626	-122.291532	789	12	14	0
794	219980	47.613342	-122.341961	790	1411	14	0
795	221391	47.639861	-122.370171	791	376	14	1
796	221767	47.57779	-122.322927	792	71	20	1
797	221838	47.614777	-122.342958	793	22	21	1
798	221860	47.69183	-122.367294	794	928	21	1
799	222788	47.436264	-122.297178	795	433	13	1
800	223221	47.615212	-122.343678	796	48	20	1
801	223269	47.601726	-122.324406	797	163	21	1
802	223432	47.552819	-122.267753	798	554	00	0
803	223986	47.695017	-122.396911	799	90	09	0
804	224076	47.655714	-122.389905	800	7	10	0
805	224083	47.668748	-122.292653	801	235	10	0
806	224318	47.628039	-122.319153	802	78	14	0
807	224396	47.703121	-122.325799	803	86	16	0
808	224482	47.672369	-122.386495	804	287	17	0
809	224769	47.663839	-122.316351	805	51	22	0
810	224820	47.613864	-122.342498	806	562	23	0
811	225382	47.615197	-122.343653	807	9	08	0
812	225391	47.615249	-122.34374	808	92	08	0
813	225483	47.712026	-122.29787	809	116	10	0
814	225599	47.620509	-122.337196	810	9	12	0
815	225608	47.649925	-122.342701	811	567	12	0
816	226175	47.556888	-122.272662	812	719	21	0
817	226894	47.614746	-122.342906	813	238	09	0
818	227132	47.613894	-122.342592	814	210	13	0
819	227342	47.628774	-122.340823	815	67	17	0
820	227409	47.613409	-122.342595	816	103	18	0
821	227512	47.623271	-122.35728	817	609	20	0
822	228121	47.613889	-122.342583	818	41	06	0
823	228162	47.618098	-122.283215	819	330	06	0
824	228492	47.713497	-122.298089	820	371	12	0
825	228863	47.625843	-122.362911	821	924	18	0
826	229787	47.585194	-122.304266	822	3	10	1
827	229790	47.636984	-122.390637	823	298	10	1
828	230088	47.654859	-122.321824	824	1258	15	1
829	231346	47.698977	-122.306832	825	43	11	1
830	231389	47.691829	-122.339138	826	369	12	1
831	231758	47.556723	-122.272665	827	1164	18	1
832	232922	47.694152	-122.387219	828	16	14	0
833	232938	47.436329	-122.297344	829	43	14	0
834	232981	47.614384	-122.343013	830	91	15	0
835	233072	47.706837	-122.33354	831	903	16	0
836	233975	47.614988	-122.332967	832	1389	07	0
837	235364	47.614752	-122.341032	833	238	06	0
838	235602	47.659365	-122.313181	834	385	10	0
839	235987	47.594319	-122.32489	835	155	17	0
840	236142	47.559697	-122.402835	836	742	19	0
841	236884	47.649019	-122.338729	837	422	08	0
842	237306	47.636278	-122.374996	838	927	15	0
843	238233	47.684746	-122.354561	839	58	06	1
844	238291	47.684746	-122.35456	840	438	07	1
845	238729	47.668638	-122.393491	841	86	15	1
846	238815	47.702654	-122.325793	842	174	16	0
847	238989	47.614585	-122.34264	843	756	19	0
848	239745	47.668512	-122.283881	844	41	07	0
849	239786	47.70266	-122.325793	845	10	08	0
850	239796	47.702869	-122.325796	846	7	08	0
851	239803	47.702929	-122.325797	847	266	08	0
852	240069	47.642149	-122.375454	848	117	13	0
853	240186	47.640783	-122.354456	849	928	15	0
854	241114	47.613662	-122.343008	850	424	06	0
855	241538	47.706837	-122.333499	851	1024	13	0
856	242562	47.70442	-122.281136	852	328	06	0
857	242890	47.582723	-122.390559	853	192	12	0
858	243082	47.613707	-122.343829	854	954	15	0
859	244036	47.672716	-122.324451	855	27	07	0
860	244063	47.670518	-122.365069	856	432	07	1
861	244495	47.699283	-122.33971	857	243	15	1
862	244738	47.585373	-122.387541	858	837	19	1
863	245575	47.615465	-122.352693	859	19	09	0
864	245594	47.625429	-122.347034	860	601	09	0
865	246195	47.655997	-122.275681	861	2	19	0
866	246197	47.565501	-122.297646	862	101	19	0
867	246298	47.613874	-122.342608	863	22	21	0
868	246320	47.630996	-122.353334	864	67	21	0
869	246387	47.436165	-122.297264	865	927	22	0
870	247314	47.619714	-122.3427	866	496	14	0
871	247810	47.574601	-122.314853	867	470	22	0
872	248280	47.614446	-122.342961	868	138	06	0
873	248418	47.637825	-122.277087	869	84	08	0
874	248502	47.614203	-122.343244	870	1304	09	0
875	249806	47.613908	-122.342522	871	808	07	0
876	250614	47.614987	-122.343305	872	3	21	0
877	250617	47.614986	-122.343303	873	847	21	0
878	251464	47.613926	-122.342451	874	43	11	0
879	251507	47.617039	-122.318218	875	42	12	0
880	251549	47.642781	-122.40714	876	229	12	0
881	251778	47.594648	-122.323804	877	977	16	0
882	252755	47.559647	-122.3655	878	325	08	1
883	253080	47.69975	-122.317648	879	1222	14	1
884	254302	47.607391	-122.327463	880	116	10	1
885	254418	47.436096	-122.297147	881	203	12	1
886	254621	47.613786	-122.343209	882	18	15	1
887	254639	47.618008	-122.318183	883	82	16	1
888	254721	47.614122	-122.34327	884	100	17	1
889	254821	47.668679	-122.379572	885	56	19	1
890	254877	47.613144	-122.340251	886	130	20	1
891	255007	47.634174	-122.348347	887	1430	22	1
892	256437	47.613874	-122.342463	888	518	22	0
893	256955	47.634584	-122.340431	889	424	06	0
894	257379	47.642926	-122.348679	890	83	13	0
895	257462	47.613867	-122.342496	891	81	15	0
896	257543	47.613805	-122.342479	892	158	16	0
897	257701	47.608775	-122.305021	893	813	19	0
898	258514	47.608022	-122.311346	894	693	08	0
899	259207	47.668695	-122.382985	895	86	20	0
900	259293	47.614845	-122.3423	896	118	21	0
901	259411	47.574082	-122.314837	897	382	23	0
902	259793	47.613899	-122.342562	898	32	06	0
903	259825	47.614905	-122.343169	899	286	06	0
904	260111	47.613899	-122.339415	900	109	11	0
905	260220	47.604359	-122.336996	901	1355	13	0
906	261575	47.702997	-122.325797	902	17	11	0
907	261592	47.663266	-122.301748	903	166	12	0
908	261758	47.613755	-122.352938	904	244	14	0
909	262002	47.564376	-122.332102	905	131	18	0
910	262133	47.436272	-122.297351	906	611	21	0
911	262744	47.631314	-122.359778	907	63	07	1
912	262807	47.684002	-122.308873	908	247	08	1
913	263054	47.614717	-122.340974	909	60	12	1
914	263114	47.623666	-122.312635	910	93	13	1
915	263207	47.557458	-122.337674	911	43	15	1
916	263250	47.613857	-122.342512	912	76	15	1
917	263326	47.594658	-122.324605	913	134	16	1
918	263460	47.664134	-122.316348	914	25	19	1
919	263485	47.667045	-122.284814	915	157	19	1
920	263642	47.613953	-122.341562	916	1042	22	1
921	264684	47.654479	-122.321751	917	442	15	0
922	265126	47.614758	-122.342927	918	573	22	0
923	265699	47.611667	-122.293364	919	23	08	0
924	265722	47.604658	-122.284615	920	327	08	0
925	266049	47.623119	-122.330988	921	291	14	0
926	266340	47.665734	-122.316327	922	93	19	0
927	266433	47.668697	-122.383699	923	264	20	0
928	266697	47.59067	-122.311636	924	512	01	0
929	267209	47.613897	-122.342563	925	70	09	0
930	267279	47.592111	-122.305166	926	16	10	0
931	267295	47.637167	-122.373966	927	30	11	0
932	267325	47.706704	-122.313191	928	38	11	0
933	267363	47.648074	-122.354496	929	1124	12	0
934	268487	47.659834	-122.28894	930	77	07	0
935	268564	47.613853	-122.342512	931	15	08	0
936	268579	47.612084	-122.293707	932	52	08	0
937	268631	47.614452	-122.342822	933	60	09	0
938	268691	47.615614	-122.324482	934	49	10	0
939	268740	47.436242	-122.29713	935	270	11	0
940	269010	47.617164	-122.318178	936	277	15	0
941	269287	47.702765	-122.325794	937	904	20	0
942	270191	47.64245	-122.303354	938	101	11	0
943	270292	47.602435	-122.335719	939	114	13	0
944	270406	47.615138	-122.343556	940	239	14	0
945	270645	47.674456	-122.33279	941	1236	18	1
946	271881	47.560888	-122.388139	942	1049	15	1
947	272930	47.668574	-122.394956	943	157	09	0
948	273087	47.68	-122.321768	944	524	11	0
949	273611	47.615529	-122.344213	945	802	20	0
950	274413	47.616024	-122.324481	946	570	09	0
951	274983	47.664374	-122.377066	947	58	19	0
952	275041	47.702995	-122.306717	948	68	20	0
953	275109	47.661609	-122.314271	949	562	21	0
954	275671	47.614734	-122.342887	950	132	06	0
955	275803	47.631954	-122.326931	951	140	08	0
956	275943	47.613826	-122.342534	952	11	11	0
957	275954	47.602832	-122.335362	953	31	11	0
958	275985	47.595002	-122.324058	954	538	11	0
959	276523	47.663911	-122.31635	955	13	20	0
960	276536	47.663319	-122.316356	956	17	21	0
961	276553	47.613844	-122.342561	957	26	21	0
962	276579	47.627713	-122.307299	958	11	21	0
963	276590	47.613861	-122.342494	959	67	22	0
964	276657	47.61417	-122.343869	960	20	23	0
965	276677	47.613838	-122.342552	961	67	23	0
966	276744	47.585769	-122.333281	962	359	00	0
967	277103	47.613846	-122.342541	963	42	06	0
968	277145	47.634915	-122.371661	964	2	07	0
969	277147	47.613897	-122.34261	965	43	07	0
970	277190	47.613893	-122.34246	966	17	08	0
971	277207	47.623143	-122.320334	967	5	08	0
971	277207	47.583013	-122.320345	968	5	08	0
972	277212	47.703293	-122.325354	969	166	08	0
973	277378	47.68444	-122.326938	970	194	11	0
974	277572	47.706773	-122.327869	971	77	14	0
975	277649	47.615196	-122.343651	972	44	15	0
976	277693	47.59626	-122.325078	973	1	16	0
977	277694	47.703226	-122.339005	974	599	16	0
978	278293	47.613667	-122.341091	975	322	02	0
979	278615	47.613895	-122.342605	976	30	07	0
980	278645	47.636178	-122.340286	977	55	08	0
981	278700	47.657774	-122.313223	978	75	09	0
982	278775	47.588713	-122.334219	979	109	10	0
983	278884	47.54844	-122.355964	980	80	12	0
984	278964	47.613838	-122.34248	981	50	13	0
985	279014	47.61417	-122.341932	982	42	14	0
986	279056	47.619729	-122.345451	983	488	15	0
987	279544	47.613734	-122.343793	984	450	23	0
988	279994	47.726857	-122.309965	985	94	06	1
989	280088	47.576969	-122.321004	986	12	08	1
990	280100	47.66016	-122.315473	987	54	08	1
991	280154	47.668611	-122.394358	988	50	09	1
992	280204	47.614072	-122.342618	989	37	10	1
993	280241	47.614194	-122.343172	990	30	10	1
994	280271	47.614081	-122.342603	991	51	11	1
995	280322	47.619579	-122.320876	992	1	12	1
996	280323	47.654964	-122.282273	993	83	12	1
997	280406	47.612069	-122.341327	994	1038	13	1
998	281444	47.614401	-122.343262	995	15	06	0
999	281459	47.614928	-122.343207	996	78	07	0
1000	281537	47.619732	-122.347262	997	163	08	0
1001	281700	47.62256	-122.330444	998	138	11	0
1002	281838	47.614161	-122.343217	999	486	13	0
1003	282324	47.626976	-122.347559	1000	68	21	0
1004	282392	47.668658	-122.381661	1001	94	22	0
1005	282486	47.55369	-122.359117	1002	24	00	0
1006	282510	47.555992	-122.357052	1003	648	00	0
1007	283158	47.664116	-122.29563	1004	106	11	0
1008	283264	47.615129	-122.31555	1005	10	13	0
1009	283274	47.614938	-122.298781	1006	190	13	0
1010	283464	47.629876	-122.368929	1007	7	16	0
1011	283471	47.618935	-122.300762	1008	165	16	0
1012	283636	47.700753	-122.325873	1009	796	19	0
1013	284432	47.612342	-122.346726	1010	40	08	0
1014	284472	47.688057	-122.282194	1011	114	09	0
1015	284586	47.701496	-122.320426	1012	1263	11	0
1016	285849	47.704942	-122.322421	1013	73	08	0
1017	285922	47.703278	-122.325401	1014	282	09	0
1018	286204	47.613928	-122.342579	1015	430	14	0
1019	286634	47.606763	-122.335904	1016	1028	21	0
1020	287662	47.61433	-122.342988	1017	300	14	0
1021	287962	47.663919	-122.31635	1018	58	19	0
1022	288020	47.699134	-122.324422	1019	95	20	0
1023	288115	47.517951	-122.345416	1020	23	22	0
1024	288138	47.584215	-122.333274	1021	1330	22	0
1025	289468	47.68297	-122.342284	1022	105	20	1
1026	289573	47.614153	-122.343228	1023	614	22	1
1027	290187	47.557849	-122.283855	1024	226	08	0
1028	290413	47.692904	-122.331093	1025	45	12	0
1029	290458	47.584277	-122.400143	1026	394	13	0
1030	290852	47.733407	-122.330227	1027	145	19	0
1031	290997	47.613936	-122.342641	1028	33	22	0
1032	291030	47.61501	-122.343344	1029	56	22	0
1033	291086	47.643416	-122.349586	1030	425	23	0
1034	291511	47.614468	-122.3428	1031	34	06	0
1035	291545	47.613853	-122.342571	1032	16	07	0
1036	291561	47.591342	-122.317274	1033	53	07	0
1037	291614	47.604369	-122.318544	1034	193	08	0
1038	291807	47.604062	-122.321282	1035	88	11	0
1039	291895	47.624402	-122.3038	1036	490	13	0
1040	292385	47.663261	-122.316357	1037	1028	21	0
1041	293413	47.614079	-122.343329	1038	24	14	0
1042	293437	47.613576	-122.348867	1039	1043	14	0
1043	294480	47.614856	-122.343089	1040	162	08	0
1044	294642	47.543798	-122.327762	1041	112	10	0
1045	294754	47.544491	-122.388735	1042	65	12	0
1046	294819	47.613736	-122.343127	1043	228	13	0
1047	295047	47.613841	-122.342602	1044	141	17	0
1048	295188	47.613828	-122.342581	1045	29	20	0
1049	295217	47.622098	-122.357243	1046	969	20	0
1050	296186	47.614807	-122.343007	1047	185	12	1
1051	296371	47.614133	-122.343203	1048	1187	15	1
1052	297558	47.639064	-122.367679	1049	63	11	1
1053	297621	47.556762	-122.284443	1050	1085	12	1
1054	298706	47.617609	-122.347762	1051	389	06	0
1055	299095	47.715558	-122.29448	1052	83	13	0
1056	299178	47.586154	-122.325966	1053	960	14	0
1057	300138	47.624688	-122.320959	1054	34	06	0
1058	300172	47.720271	-122.338275	1055	268	07	0
1059	300440	47.580892	-122.33422	1056	18	11	0
1060	300458	47.597941	-122.288	1057	206	11	0
1061	300664	47.613916	-122.342547	1058	165	15	0
1062	300829	47.625888	-122.314627	1059	1076	18	0
1063	301905	47.720834	-122.294234	1060	39	11	1
1064	301944	47.680804	-122.309896	1061	229	12	1
1065	302173	47.617097	-122.346876	1062	95	16	1
1066	302268	47.614304	-122.333506	1063	951	18	1
1067	303219	47.629343	-122.344943	1064	205	09	1
1068	303424	47.618201	-122.318186	1065	409	13	0
1069	303833	47.625998	-122.346347	1066	607	20	0
1070	304440	47.625545	-122.308649	1067	613	06	0
1071	305053	47.613864	-122.342575	1068	129	16	0
1072	305182	47.698527	-122.312928	1069	87	18	0
1073	305269	47.703623	-122.352945	1070	1039	20	0
1074	306308	47.615654	-122.345844	1071	1136	13	0
1075	307444	47.613825	-122.342564	1072	13	08	0
1076	307457	47.598287	-122.331068	1073	25	08	0
1077	307482	47.603323	-122.301087	1074	136	08	0
1078	307618	47.716572	-122.304467	1075	93	11	0
1079	307711	47.652688	-122.316808	1076	382	12	0
1080	308093	47.612188	-122.319177	1077	1133	19	0
1081	309226	47.621971	-122.303597	1078	283	13	1
1082	309509	47.613897	-122.342513	1079	61	18	1
1083	309570	47.614039	-122.343383	1080	110	19	1
1084	309680	47.613878	-122.342527	1081	91	21	1
1085	309771	47.614354	-122.342247	1082	536	23	1
1086	310307	47.613939	-122.342538	1083	40	08	1
1087	310347	47.666011	-122.381368	1084	98	08	1
1088	310445	47.620954	-122.360934	1085	129	10	1
1089	310574	47.670273	-122.325541	1086	125	12	1
1090	310699	47.62386	-122.333023	1087	119	14	1
1091	310818	47.675983	-122.361684	1088	218	16	1
1092	311036	47.6147	-122.342495	1089	33	20	1
1093	311069	47.634215	-122.371665	1090	55	20	1
1094	311124	47.627628	-122.362852	1091	2	21	1
1095	311126	47.694058	-122.319694	1092	51	21	1
1096	311177	47.702762	-122.325794	1093	533	22	1
1097	311710	47.61387	-122.342506	1094	14	07	0
1098	311724	47.614443	-122.34426	1095	388	07	0
1099	312112	47.613728	-122.343801	1096	77	14	0
1100	312189	47.612942	-122.3186	1097	274	15	0
1101	312463	47.625864	-122.363638	1098	905	19	0
1102	313368	47.598173	-122.326393	1099	32	11	0
1103	313400	47.613895	-122.342578	1100	48	11	0
1104	313448	47.638222	-122.356935	1101	112	12	0
1105	313560	47.613704	-122.343834	1102	945	14	0
1106	314505	47.618286	-122.330039	1103	544	05	0
1107	315049	47.614222	-122.343133	1104	1009	15	0
1108	316058	47.71745	-122.298386	1105	67	07	0
1109	316125	47.601687	-122.304125	1106	131	08	0
1110	316256	47.603228	-122.335712	1107	79	11	0
1111	316335	47.613898	-122.342564	1108	16	12	0
1112	316351	47.61445	-122.344373	1109	266	12	0
1113	316617	47.614954	-122.343251	1110	260	17	0
1114	316877	47.613813	-122.342483	1111	88	21	0
1115	316965	47.608699	-122.329066	1112	58	22	0
1116	317023	47.614946	-122.348408	1113	19	23	0
1117	317042	47.611042	-122.325754	1114	502	00	0
1118	317544	47.63065	-122.319186	1115	650	08	0
1119	318194	47.596219	-122.314046	1116	5	19	0
1120	318199	47.64267	-122.356898	1117	132	19	0
1121	318331	47.615081	-122.343462	1118	13	21	0
1122	318344	47.558683	-122.365506	1119	237	21	0
1123	318581	47.606231	-122.327879	1120	459	01	1
1124	319040	47.548322	-122.374122	1121	494	09	1
1125	319534	47.689658	-122.29738	1122	201	17	1
1126	319735	47.613889	-122.342536	1123	54	21	1
1127	319789	47.613902	-122.342576	1124	17	22	1
1128	319806	47.614677	-122.342792	1125	529	22	1
1129	320335	47.666611	-122.328663	1126	144	07	1
1130	320479	47.698791	-122.275268	1127	983	09	1
1131	321462	47.60639	-122.327499	1128	817	01	0
1132	322279	47.614714	-122.342853	1129	249	15	0
1133	322528	47.613883	-122.342566	1130	770	19	0
1134	323298	47.635938	-122.340346	1131	385	08	0
1135	323683	47.654479	-122.320877	1132	339	14	0
1136	324022	47.557912	-122.365521	1133	643	20	0
1137	324665	47.61392	-122.342506	1134	34	07	0
1138	324699	47.639596	-122.362566	1135	311	07	0
1139	325010	47.613841	-122.342512	1136	1108	13	0
1140	326118	47.603186	-122.336405	1137	54	07	0
1141	326172	47.575558	-122.307564	1138	97	08	0
1142	326269	47.587282	-122.321397	1139	951	10	0
1143	327220	47.604324	-122.305296	1140	18	01	0
1144	327238	47.613729	-122.343116	1141	787	02	0
1145	328025	47.561964	-122.385456	1142	14	15	0
1145	328025	47.614381	-122.342937	1143	14	15	0
1146	328039	47.614833	-122.342317	1144	389	15	0
1147	328428	47.664018	-122.316349	1145	539	22	0
1148	328967	47.619711	-122.340211	1146	101	07	1
1149	329068	47.582428	-122.373518	1147	23	08	1
1150	329091	47.61436	-122.343061	1148	737	09	1
1151	329828	47.627925	-122.324246	1149	530	21	1
1152	330358	47.614192	-122.343175	1150	373	06	1
1153	330731	47.616294	-122.343574	1151	42	12	1
1154	330773	47.615544	-122.303579	1152	69	13	1
1155	330842	47.612531	-122.323415	1153	412	14	1
1156	331254	47.613759	-122.34376	1154	697	21	1
1157	331951	47.613837	-122.342532	1155	68	08	0
1158	332019	47.614166	-122.343211	1156	274	09	0
1159	332293	47.614421	-122.34236	1157	64	14	0
1160	332357	47.614876	-122.343122	1158	1024	15	0
1161	333381	47.594175	-122.32432	1159	26	08	0
1162	333407	47.613818	-122.342539	1160	86	09	0
1163	333493	47.61419	-122.343178	1161	107	10	0
1164	333600	47.613371	-122.342533	1162	1143	12	0
1165	334743	47.577433	-122.38065	1163	342	07	0
1166	335085	47.637833	-122.347117	1164	498	12	0
1167	335583	47.614687	-122.342808	1165	969	21	0
1168	336552	47.621387	-122.304363	1166	2	13	0
1169	336554	47.615147	-122.341893	1167	334	13	0
1170	336888	47.617912	-122.353527	1168	942	19	0
1171	337830	47.553125	-122.309898	1169	132	10	1
1172	337962	47.613844	-122.342535	1170	112	12	1
1173	338074	47.624403	-122.304359	1171	26	14	1
1174	338100	47.603822	-122.308957	1172	148	15	1
1175	338248	47.614435	-122.342844	1173	1121	17	1
1176	339369	47.669704	-122.401129	1174	130	12	1
1177	339499	47.613372	-122.340616	1175	254	14	0
1178	339753	47.702707	-122.337481	1176	83	18	0
1179	339836	47.704605	-122.350787	1177	678	20	0
1180	340514	47.703153	-122.325384	1178	378	07	0
1181	340892	47.624402	-122.303763	1179	55	13	0
1182	340947	47.613984	-122.342592	1180	643	14	0
1183	341590	47.604339	-122.313855	1181	88	01	0
1184	341678	47.61386	-122.342523	1182	12	02	0
1185	341690	47.62875	-122.361884	1183	462	03	0
1186	342152	47.569154	-122.409294	1184	898	10	0
1187	343050	47.695032	-122.376823	1185	358	01	0
1188	343408	47.613888	-122.342597	1186	58	07	0
1189	343466	47.67094	-122.293863	1187	394	08	0
1190	343860	47.638371	-122.357346	1188	1066	15	0
1191	344926	47.615047	-122.343404	1189	14	08	0
1192	344940	47.622557	-122.339761	1190	29	09	0
1193	344969	47.614254	-122.340187	1191	82	09	0
1194	345051	47.617104	-122.345603	1192	1347	11	0
1195	346398	47.4361	-122.297305	1193	73	09	1
1196	346471	47.665002	-122.348176	1194	549	10	1
1197	347020	47.661538	-122.284771	1195	238	19	1
1198	347258	47.614397	-122.342897	1196	104	23	1
1199	347362	47.615041	-122.343396	1197	41	01	1
1200	347403	47.606343	-122.327613	1198	274	02	1
1201	347677	47.61424	-122.34311	1199	23	06	1
1202	347700	47.652751	-122.392904	1200	56	07	1
1203	347756	47.677762	-122.364341	1201	296	08	1
1204	348052	47.641661	-122.392995	1202	452	13	1
1205	348504	47.674544	-122.354869	1203	210	20	1
1206	348714	47.622422	-122.359377	1204	416	00	0
1207	349130	47.582478	-122.386479	1205	12	07	0
1208	349142	47.614601	-122.338723	1206	326	07	0
1209	349468	47.436318	-122.297175	1207	124	12	0
1210	349592	47.613861	-122.342462	1208	14	14	0
1211	349606	47.618128	-122.330754	1209	31	14	0
1212	349637	47.701514	-122.317701	1210	1317	15	0
1213	350954	47.613806	-122.342536	1211	693	13	0
1214	351647	47.729663	-122.334233	1212	310	01	1
1215	351957	47.613896	-122.342452	1213	38	06	1
1216	351995	47.675681	-122.362936	1214	498	06	1
1217	352493	47.61387	-122.342451	1215	22	15	0
1218	352515	47.613966	-122.342584	1216	147	15	0
1219	352662	47.61402	-122.342579	1217	29	17	0
1219	352662	47.613973	-122.342574	1218	29	17	0
1220	352691	47.59835	-122.327378	1219	952	18	0
1221	353643	47.636748	-122.325414	1220	176	10	0
1222	353819	47.613902	-122.34255	1221	457	13	0
1223	354276	47.594753	-122.325087	1222	878	20	0
1224	355154	47.690331	-122.307331	1223	205	11	0
1225	355359	47.615004	-122.343334	1224	1043	14	0
1226	356402	47.629701	-122.369057	1225	214	08	0
1227	356616	47.62958	-122.359657	1226	647	11	0
1228	357263	47.706464	-122.342026	1227	702	22	0
1229	357965	47.617414	-122.349396	1228	739	10	0
1230	358704	47.616674	-122.344124	1229	555	22	0
1231	359259	47.696919	-122.34956	1230	576	07	1
1232	359835	47.699861	-122.317652	1231	551	17	1
1233	360386	47.606697	-122.326759	1232	316	02	1
1234	360702	47.704811	-122.352754	1233	441	07	1
1235	361143	47.615255	-122.318988	1234	54	15	1
1236	361197	47.629628	-122.360885	1235	2	16	1
1237	361199	47.732098	-122.310495	1236	1090	16	0
1238	362289	47.689787	-122.377913	1237	143	10	0
1239	362432	47.604947	-122.339469	1238	4	12	0
1240	362436	47.604899	-122.339426	1239	68	12	0
1241	362504	47.613809	-122.342531	1240	211	13	0
1242	362715	47.705737	-122.342016	1241	545	17	0
1243	363260	47.606392	-122.327493	1242	678	02	0
1244	363938	47.64153	-122.372646	1243	494	13	0
1245	364432	47.625431	-122.309975	1244	64	22	0
1246	364496	47.617193	-122.341087	1245	1124	23	0
1247	365620	47.727322	-122.309965	1246	804	17	0
1248	366424	47.613959	-122.342509	1247	74	07	0
1249	366498	47.681258	-122.285535	1248	847	08	0
1250	367345	47.613285	-122.340477	1249	851	22	0
1251	368196	47.732012	-122.335886	1250	569	12	1
1252	368765	47.613356	-122.341944	1251	1435	22	0
